-0.5 	0 	0 	0
-0.489899 	2.27099e-10 	-6.44552e-09 	0.0222307
-0.479798 	4.28391e-10 	-1.28851e-08 	0.044461
-0.469697 	6.29684e-10 	-1.93246e-08 	0.0666913
-0.459596 	8.30976e-10 	-2.57642e-08 	0.0889216
-0.449495 	9.9055e-10 	-2.71271e-08 	0.0975235
-0.439394 	1.12651e-09 	-2.56171e-08 	0.0984128
-0.429293 	1.26248e-09 	-2.41071e-08 	0.0993022
-0.419192 	1.39844e-09 	-2.25971e-08 	0.100191
-0.409091 	1.53441e-09 	-2.10871e-08 	0.101081
-0.39899 	1.60842e-09 	-3.20417e-08 	0.101418
-0.388889 	1.69119e-09 	-4.74463e-08 	0.101555
-0.378788 	1.77396e-09 	-6.28508e-08 	0.101692
-0.368687 	1.85673e-09 	-7.82553e-08 	0.101829
-0.358586 	1.9395e-09 	-9.36599e-08 	0.101966
-0.348485 	1.88685e-09 	-8.18532e-08 	0.10201
-0.338384 	1.80763e-09 	-6.47078e-08 	0.102037
-0.328283 	1.72841e-09 	-4.75624e-08 	0.102063
-0.318182 	1.64919e-09 	-3.0417e-08 	0.102089
-0.308081 	1.56996e-09 	-1.32717e-08 	0.102116
-0.29798 	1.42981e-09 	5.838e-10 	0.102123
-0.287879 	1.27688e-09 	1.40459e-08 	0.102129
-0.277778 	1.12395e-09 	2.7508e-08 	0.102134
-0.267677 	9.71022e-10 	4.09701e-08 	0.10214
-0.257576 	8.18092e-10 	5.44322e-08 	0.102145
-0.247475 	6.65162e-10 	6.78943e-08 	0.102151
-0.237374 	5.12232e-10 	8.13563e-08 	0.102156
-0.227273 	3.59302e-10 	9.48184e-08 	0.102161
-0.217172 	2.06372e-10 	1.08281e-07 	0.102167
-0.207071 	5.34415e-11 	1.21743e-07 	0.102172
-0.19697 	3.25654e-12 	1.13437e-07 	0.102173
-0.186869 	-3.54963e-11 	1.0112e-07 	0.102174
-0.176768 	-7.42491e-11 	8.8804e-08 	0.102175
-0.166667 	-1.13002e-10 	7.64876e-08 	0.102175
-0.156566 	-1.51755e-10 	6.41712e-08 	0.102176
-0.146465 	-1.90508e-10 	5.18547e-08 	0.102176
-0.136364 	-2.2926e-10 	3.95383e-08 	0.102177
-0.126263 	-2.68013e-10 	2.72219e-08 	0.102177
-0.116162 	-3.06766e-10 	1.49055e-08 	0.102178
-0.106061 	-3.45519e-10 	2.58907e-09 	0.102178
-0.0959596 	-3.3098e-10 	-9.38487e-10 	0.102179
-0.0858586 	-2.9425e-10 	-8.0626e-10 	0.102179
-0.0757576 	-2.57519e-10 	-6.74033e-10 	0.102179
-0.0656566 	-2.20789e-10 	-5.41806e-10 	0.102179
-0.0555556 	-1.84059e-10 	-4.09578e-10 	0.102179
-0.0454545 	-1.47329e-10 	-2.77351e-10 	0.102179
-0.0353535 	-1.10598e-10 	-1.45124e-10 	0.102179
-0.0252525 	-7.38681e-11 	-1.28965e-11 	0.102179
-0.0151515 	-3.71378e-11 	1.19331e-10 	0.102179
-0.00505051 	-4.07495e-13 	2.51558e-10 	0.102179
0.00505051 	2.98156e-11 	3.94385e-10 	0.102179
0.0151515 	5.36413e-11 	5.28138e-10 	0.102179
0.0252525 	7.74671e-11 	6.6189e-10 	0.102179
0.0353535 	1.01293e-10 	7.95642e-10 	0.102179
0.0454545 	1.25119e-10 	9.29394e-10 	0.102179
0.0555556 	1.48944e-10 	1.06315e-09 	0.102179
0.0656566 	1.7277e-10 	1.1969e-09 	0.102179
0.0757576 	1.96596e-10 	1.33065e-09 	0.102179
0.0858586 	2.20422e-10 	1.4644e-09 	0.102179
0.0959596 	2.44247e-10 	1.59816e-09 	0.102179
0.106061 	2.49275e-10 	-1.882e-09 	0.102178
0.116162 	2.08878e-10 	-1.40949e-08 	0.102178
0.126263 	1.68481e-10 	-2.63077e-08 	0.102177
0.136364 	1.28084e-10 	-3.85206e-08 	0.102177
0.146465 	8.76867e-11 	-5.07335e-08 	0.102176
0.156566 	4.72897e-11 	-6.29463e-08 	0.102176
0.166667 	6.89273e-12 	-7.51592e-08 	0.102175
0.176768 	-3.35043e-11 	-8.73721e-08 	0.102175
0.186869 	-7.39013e-11 	-9.95849e-08 	0.102174
0.19697 	-1.14298e-10 	-1.11798e-07 	0.102173
0.207071 	-1.60192e-10 	-1.20121e-07 	0.102172
0.217172 	-1.88589e-10 	-1.07233e-07 	0.102167
0.227273 	-2.16985e-10 	-9.43449e-08 	0.102161
0.237374 	-2.45382e-10 	-8.14567e-08 	0.102156
0.247475 	-2.73779e-10 	-6.85684e-08 	0.102151
0.257576 	-3.02175e-10 	-5.56802e-08 	0.102145
0.267677 	-3.30572e-10 	-4.2792e-08 	0.10214
0.277778 	-3.58969e-10 	-2.99037e-08 	0.102134
0.287879 	-3.87365e-10 	-1.70155e-08 	0.102129
0.29798 	-4.15762e-10 	-4.12727e-09 	0.102123
0.308081 	-4.15764e-10 	9.20204e-09 	0.102116
0.318182 	-1.4509e-10 	2.62001e-08 	0.102089
0.328283 	1.25584e-10 	4.31982e-08 	0.102063
0.338384 	3.96259e-10 	6.01963e-08 	0.102037
0.348485 	6.66933e-10 	7.71943e-08 	0.10201
0.358586 	9.3532e-10 	8.89007e-08 	0.101966
0.368687 	1.19207e-09 	7.36938e-08 	0.101829
0.378788 	1.44883e-09 	5.84869e-08 	0.101692
0.388889 	1.70558e-09 	4.32799e-08 	0.101555
0.39899 	1.96234e-09 	2.8073e-08 	0.101417
0.409091 	2.07015e-09 	1.73445e-08 	0.10108
0.419192 	1.68718e-09 	1.91311e-08 	0.100191
0.429293 	1.30421e-09 	2.09176e-08 	0.0993015
0.439394 	9.21233e-10 	2.27041e-08 	0.0984121
0.449495 	5.38259e-10 	2.44907e-08 	0.0975228
0.459596 	2.71407e-10 	2.35044e-08 	0.0889103
0.469697 	2.09303e-10 	1.7629e-08 	0.0666801
0.479798 	1.47199e-10 	1.17536e-08 	0.0444499
0.489899 	8.50953e-11 	5.87813e-09 	0.0222196
0.499994 	0 	0 	0
