-0.5 	0 	0 	0
-0.489899 	3.18301e-10 	2.71262e-10 	0.0228883
-0.479798 	6.32395e-10 	5.48519e-10 	0.0457758
-0.469697 	9.46489e-10 	8.25777e-10 	0.0686633
-0.459596 	1.26058e-09 	1.10303e-09 	0.0915508
-0.449495 	1.32274e-09 	1.56461e-09 	0.0999015
-0.439394 	1.24231e-09 	2.1305e-09 	0.100026
-0.429293 	1.16189e-09 	2.69639e-09 	0.10015
-0.419192 	1.08146e-09 	3.26227e-09 	0.100274
-0.409091 	1.00104e-09 	3.82816e-09 	0.100398
-0.39899 	9.13673e-10 	-4.68952e-10 	0.100435
-0.388889 	8.22895e-10 	-6.51493e-09 	0.100441
-0.378788 	7.32116e-10 	-1.25609e-08 	0.100446
-0.368687 	6.41338e-10 	-1.86069e-08 	0.100452
-0.358586 	5.50559e-10 	-2.46529e-08 	0.100458
-0.348485 	5.30985e-10 	-2.30602e-08 	0.100459
-0.338384 	5.25382e-10 	-1.99688e-08 	0.10046
-0.328283 	5.19779e-10 	-1.68774e-08 	0.10046
-0.318182 	5.14175e-10 	-1.37861e-08 	0.100461
-0.308081 	5.08572e-10 	-1.06947e-08 	0.100461
-0.29798 	4.6645e-10 	-6.11731e-09 	0.100461
-0.287879 	4.16e-10 	-1.34225e-09 	0.100461
-0.277778 	3.6555e-10 	3.43281e-09 	0.100461
-0.267677 	3.151e-10 	8.20787e-09 	0.100461
-0.257576 	2.64649e-10 	1.29829e-08 	0.100461
-0.247475 	2.14199e-10 	1.7758e-08 	0.100461
-0.237374 	1.63749e-10 	2.25331e-08 	0.100461
-0.227273 	1.13298e-10 	2.73081e-08 	0.100461
-0.217172 	6.28482e-11 	3.20832e-08 	0.100461
-0.207071 	1.2398e-11 	3.68582e-08 	0.100461
-0.19697 	-6.99768e-12 	3.44275e-08 	0.100461
-0.186869 	-1.92041e-11 	3.06714e-08 	0.100461
-0.176768 	-3.14105e-11 	2.69154e-08 	0.100461
-0.166667 	-4.3617e-11 	2.31593e-08 	0.100461
-0.156566 	-5.58234e-11 	1.94032e-08 	0.100461
-0.146465 	-6.80298e-11 	1.56472e-08 	0.100461
-0.136364 	-8.02363e-11 	1.18911e-08 	0.100461
-0.126263 	-9.24427e-11 	8.13502e-09 	0.100461
-0.116162 	-1.04649e-10 	4.37895e-09 	0.100461
-0.106061 	-1.16856e-10 	6.22885e-10 	0.100461
-0.0959596 	-1.15162e-10 	-4.48298e-10 	0.100461
-0.0858586 	-1.0768e-10 	-4.01462e-10 	0.100461
-0.0757576 	-1.00198e-10 	-3.54626e-10 	0.100461
-0.0656566 	-9.27159e-11 	-3.07789e-10 	0.100461
-0.0555556 	-8.5234e-11 	-2.60953e-10 	0.100461
-0.0454545 	-7.7752e-11 	-2.14117e-10 	0.100461
-0.0353535 	-7.02701e-11 	-1.6728e-10 	0.100461
-0.0252525 	-6.27881e-11 	-1.20444e-10 	0.100461
-0.0151515 	-5.53062e-11 	-7.36076e-11 	0.100461
-0.00505051 	-4.78242e-11 	-2.67713e-11 	0.100461
0.00505051 	-4.10857e-11 	1.40036e-11 	0.100461
0.0151515 	-3.50479e-11 	4.28332e-11 	0.100461
0.0252525 	-2.90101e-11 	7.16628e-11 	0.100461
0.0353535 	-2.29724e-11 	1.00492e-10 	0.100461
0.0454545 	-1.69346e-11 	1.29322e-10 	0.100461
0.0555556 	-1.08968e-11 	1.58152e-10 	0.100461
0.0656566 	-4.85901e-12 	1.86981e-10 	0.100461
0.0757576 	1.17878e-12 	2.15811e-10 	0.100461
0.0858586 	7.21656e-12 	2.4464e-10 	0.100461
0.0959596 	1.32543e-11 	2.7347e-10 	0.100461
0.106061 	1.43149e-11 	-7.98291e-10 	0.100461
0.116162 	3.34823e-12 	-4.52954e-09 	0.100461
0.126263 	-7.6184e-12 	-8.26079e-09 	0.100461
0.136364 	-1.8585e-11 	-1.1992e-08 	0.100461
0.146465 	-2.95517e-11 	-1.57233e-08 	0.100461
0.156566 	-4.05183e-11 	-1.94545e-08 	0.100461
0.166667 	-5.14849e-11 	-2.31858e-08 	0.100461
0.176768 	-6.24516e-11 	-2.6917e-08 	0.100461
0.186869 	-7.34182e-11 	-3.06483e-08 	0.100461
0.19697 	-8.43848e-11 	-3.43795e-08 	0.100461
0.207071 	-9.51845e-11 	-3.67829e-08 	0.100461
0.217172 	-1.18524e-10 	-3.19262e-08 	0.100461
0.227273 	-1.41863e-10 	-2.70694e-08 	0.100461
0.237374 	-1.65203e-10 	-2.22127e-08 	0.100461
0.247475 	-1.88542e-10 	-1.73559e-08 	0.100461
0.257576 	-2.11881e-10 	-1.24991e-08 	0.100461
0.267677 	-2.35221e-10 	-7.64235e-09 	0.100461
0.277778 	-2.5856e-10 	-2.78559e-09 	0.100461
0.287879 	-2.819e-10 	2.07118e-09 	0.100461
0.29798 	-3.05239e-10 	6.92794e-09 	0.100461
0.308081 	-3.08118e-10 	1.16011e-08 	0.100461
0.318182 	-1.15048e-10 	1.49025e-08 	0.100461
0.328283 	7.80215e-11 	1.82039e-08 	0.10046
0.338384 	2.71091e-10 	2.15052e-08 	0.10046
0.348485 	4.64161e-10 	2.48066e-08 	0.100459
0.358586 	6.43257e-10 	2.65196e-08 	0.100458
0.368687 	7.51287e-10 	2.01541e-08 	0.100452
0.378788 	8.59316e-10 	1.37886e-08 	0.100446
0.388889 	9.67346e-10 	7.42306e-09 	0.100441
0.39899 	1.07538e-09 	1.05756e-09 	0.100435
0.409091 	1.08513e-09 	-3.39318e-09 	0.100397
0.419192 	8.23098e-10 	-2.53087e-09 	0.100273
0.429293 	5.61062e-10 	-1.66856e-09 	0.100149
0.439394 	2.99027e-10 	-8.06242e-10 	0.100025
0.449495 	3.6991e-11 	5.60713e-11 	0.0999014
0.459596 	-1.19002e-10 	5.56366e-10 	0.0915395
0.469697 	-8.80165e-11 	4.18333e-10 	0.068652
0.479798 	-5.70308e-11 	2.803e-10 	0.0457645
0.489899 	-2.60451e-11 	1.42267e-10 	0.022877
0.499994 	0 	0 	0
