-0.5 	0 	0 	0
-0.489899 	-3.29986e-10 	-3.52901e-09 	0.0227542
-0.479798 	-6.68984e-10 	-7.05181e-09 	0.0455076
-0.469697 	-1.00798e-09 	-1.05746e-08 	0.068261
-0.459596 	-1.34698e-09 	-1.40974e-08 	0.0910145
-0.449495 	-1.30368e-09 	-1.36671e-08 	0.0994264
-0.439394 	-1.04403e-09 	-1.09997e-08 	0.0997221
-0.429293 	-7.84386e-10 	-8.33233e-09 	0.100018
-0.419192 	-5.24737e-10 	-5.66493e-09 	0.100314
-0.409091 	-2.65089e-10 	-2.99752e-09 	0.100609
-0.39899 	-1.11182e-10 	-9.28511e-09 	0.100706
-0.388889 	9.78085e-12 	-1.87888e-08 	0.10073
-0.378788 	1.30744e-10 	-2.82925e-08 	0.100755
-0.368687 	2.51707e-10 	-3.77963e-08 	0.100779
-0.358586 	3.7267e-10 	-4.73e-08 	0.100804
-0.348485 	3.88117e-10 	-4.26646e-08 	0.10081
-0.338384 	3.82863e-10 	-3.52552e-08 	0.100813
-0.328283 	3.77609e-10 	-2.78458e-08 	0.100816
-0.318182 	3.72355e-10 	-2.04364e-08 	0.100819
-0.308081 	3.671e-10 	-1.3027e-08 	0.100822
-0.29798 	3.46334e-10 	-5.24909e-09 	0.100823
-0.287879 	3.18463e-10 	2.58959e-09 	0.100823
-0.277778 	2.90591e-10 	1.04283e-08 	0.100823
-0.267677 	2.6272e-10 	1.82669e-08 	0.100823
-0.257576 	2.34849e-10 	2.61056e-08 	0.100824
-0.247475 	2.06977e-10 	3.39443e-08 	0.100824
-0.237374 	1.79106e-10 	4.1783e-08 	0.100824
-0.227273 	1.51234e-10 	4.96216e-08 	0.100824
-0.217172 	1.23363e-10 	5.74603e-08 	0.100825
-0.207071 	9.54914e-11 	6.5299e-08 	0.100825
-0.19697 	7.98212e-11 	6.09374e-08 	0.100825
-0.186869 	6.63878e-11 	5.43313e-08 	0.100825
-0.176768 	5.29544e-11 	4.77252e-08 	0.100825
-0.166667 	3.9521e-11 	4.11191e-08 	0.100825
-0.156566 	2.60876e-11 	3.45131e-08 	0.100825
-0.146465 	1.26542e-11 	2.7907e-08 	0.100825
-0.136364 	-7.79187e-13 	2.13009e-08 	0.100825
-0.126263 	-1.42126e-11 	1.46948e-08 	0.100825
-0.116162 	-2.7646e-11 	8.08875e-09 	0.100825
-0.106061 	-4.10794e-11 	1.48268e-09 	0.100825
-0.0959596 	-3.00757e-11 	-4.17844e-10 	0.100825
-0.0858586 	-8.89619e-12 	-3.58916e-10 	0.100825
-0.0757576 	1.22834e-11 	-2.99989e-10 	0.100825
-0.0656566 	3.34629e-11 	-2.41061e-10 	0.100825
-0.0555556 	5.46425e-11 	-1.82133e-10 	0.100825
-0.0454545 	7.5822e-11 	-1.23205e-10 	0.100825
-0.0353535 	9.70016e-11 	-6.42777e-11 	0.100825
-0.0252525 	1.18181e-10 	-5.35003e-12 	0.100825
-0.0151515 	1.39361e-10 	5.35777e-11 	0.100825
-0.00505051 	1.6054e-10 	1.12505e-10 	0.100825
0.00505051 	1.72116e-10 	1.64372e-10 	0.100825
0.0151515 	1.74056e-10 	1.98626e-10 	0.100825
0.0252525 	1.75995e-10 	2.3288e-10 	0.100825
0.0353535 	1.77934e-10 	2.67134e-10 	0.100825
0.0454545 	1.79874e-10 	3.01388e-10 	0.100825
0.0555556 	1.81813e-10 	3.35642e-10 	0.100825
0.0656566 	1.83752e-10 	3.69896e-10 	0.100825
0.0757576 	1.85692e-10 	4.0415e-10 	0.100825
0.0858586 	1.87631e-10 	4.38404e-10 	0.100825
0.0959596 	1.8957e-10 	4.72658e-10 	0.100825
0.106061 	1.83381e-10 	-1.42358e-09 	0.100825
0.116162 	1.5755e-10 	-7.98468e-09 	0.100825
0.126263 	1.3172e-10 	-1.45458e-08 	0.100825
0.136364 	1.05889e-10 	-2.11069e-08 	0.100825
0.146465 	8.00582e-11 	-2.7668e-08 	0.100825
0.156566 	5.42275e-11 	-3.42291e-08 	0.100825
0.166667 	2.83968e-11 	-4.07902e-08 	0.100825
0.176768 	2.56607e-12 	-4.73513e-08 	0.100825
0.186869 	-2.32646e-11 	-5.39124e-08 	0.100825
0.19697 	-4.90954e-11 	-6.04735e-08 	0.100825
0.207071 	-7.80932e-11 	-6.4826e-08 	0.100825
0.217172 	-1.28293e-10 	-5.71077e-08 	0.100825
0.227273 	-1.78494e-10 	-4.93893e-08 	0.100824
0.237374 	-2.28694e-10 	-4.1671e-08 	0.100824
0.247475 	-2.78894e-10 	-3.39526e-08 	0.100824
0.257576 	-3.29094e-10 	-2.62343e-08 	0.100824
0.267677 	-3.79294e-10 	-1.85159e-08 	0.100823
0.277778 	-4.29494e-10 	-1.07976e-08 	0.100823
0.287879 	-4.79694e-10 	-3.07927e-09 	0.100823
0.29798 	-5.29894e-10 	4.63907e-09 	0.100823
0.308081 	-5.57301e-10 	1.22941e-08 	0.100822
0.318182 	-3.58748e-10 	1.95642e-08 	0.100819
0.328283 	-1.60196e-10 	2.68343e-08 	0.100816
0.338384 	3.8357e-11 	3.41044e-08 	0.100813
0.348485 	2.3691e-10 	4.13745e-08 	0.10081
0.358586 	4.25192e-10 	4.58206e-08 	0.100804
0.368687 	5.61239e-10 	3.59039e-08 	0.100779
0.378788 	6.97286e-10 	2.59872e-08 	0.100755
0.388889 	8.33333e-10 	1.60705e-08 	0.10073
0.39899 	9.6938e-10 	6.15382e-09 	0.100706
0.409091 	1.03033e-09 	-4.91328e-10 	0.100609
0.419192 	8.72794e-10 	1.95501e-09 	0.100313
0.429293 	7.15253e-10 	4.40135e-09 	0.100018
0.439394 	5.57713e-10 	6.84769e-09 	0.0997219
0.449495 	4.00172e-10 	9.29403e-09 	0.0994262
0.459596 	2.75427e-10 	9.95473e-09 	0.0910032
0.469697 	2.08508e-10 	7.46688e-09 	0.0682497
0.479798 	1.41588e-10 	4.97904e-09 	0.0454963
0.489899 	7.46686e-11 	2.4912e-09 	0.0227429
0.499994 	0 	0 	0
